Top Point
x: -2.94688773155
y: 0.892199158669
z: 0.399993896484

left point:
x: -0.218393549323
y: -3.51883244514
z: -0.00534057617188

right point:
x: 0.406369149685
y: 0.988759219646
z: -0.00534057617188